-2 2 7 0 3 11 -7 -1 5 -2 2 7 true
7 2 -9 9 3 -5 2 2 -4 7 2 -9 true
-7 -7 7 -5 -6 11 -7 2 4 -7 -7 7 true
-5 5 -2 -3 6 2 -7 6 -1 -5 5 -2 true
-7 7 -9 -5 8 -5 6 3 -4 -7 7 -9 true
-7 -9 -7 -5 -8 -3 -5 -5 -3 -7 -9 -7 true
-1 9 10 1 10 14 1 -10 1 -1 9 10 true
-1 -7 8 1 -6 12 8 -4 -3 -1 -7 8 true
-6 -4 -6 -4 -3 -2 0 -7 -4 -6 -4 -6 true
-1 -9 -4 1 -8 0 7 -8 1 -1 -9 -4 true
-8 3 -8 -6 4 -4 3 6 8 -8 3 -8 true
-9 -3 4 -7 -2 8 7 3 -8 -9 -3 4 true
-5 1 -2 -3 2 2 -9 7 -9 -5 1 -2 true
1 6 6 3 7 10 -10 9 -7 1 6 6 true
3 9 9 5 10 13 0 -3 -3 3 9 9 true
9 -10 -7 11 -9 -3 -5 -2 -1 9 -10 -7 true
-3 -2 -6 -1 -1 -2 4 -6 -6 -3 -2 -6 true
-7 0 -9 -5 1 -5 -10 -9 1 -7 0 -9 true
2 -5 10 4 -4 14 -5 -6 2 2 -5 10 true
-4 -3 6 -2 -2 10 6 10 -7 -4 -3 6 true
