3 -10 -8 5 -9 -4 -2 -9 5 -6 -11 -3 true
-4 -9 -7 -2 -8 -3 -5 -8 -2 3 -4 14 true
-1 9 -8 1 10 -4 -4 10 -6 0 12 2 true
9 -1 6 11 0 10 8 10 -5 14 13 7 true
6 -8 8 8 -7 12 4 7 9 6 8 13 true
1 -7 -3 3 -6 1 7 -8 -10 9 -7 -6 true
0 -3 8 2 -2 12 2 -8 1 -2 -10 -7 true
-8 -10 -6 -6 -9 -2 -1 5 -5 3 7 3 true
-4 10 -3 -2 11 1 8 7 10 14 10 22 true
-1 10 4 1 11 8 4 0 -6 6 1 -2 true
10 -8 7 12 -7 11 6 4 5 14 8 21 true
-4 4 2 -2 5 6 4 -9 4 14 -4 24 true
4 6 6 6 7 10 -2 1 -2 6 5 14 true
8 8 -3 10 9 1 8 3 9 4 1 1 true
10 -5 9 12 -4 13 0 7 -7 -6 4 -19 true
-10 8 6 -8 9 10 -2 -6 -4 6 -2 12 true
5 8 3 7 9 7 -1 -6 -6 -5 -8 -14 true
4 -6 4 6 -5 8 5 10 5 7 11 9 true
1 10 6 3 11 10 7 0 10 11 2 18 true
3 3 -4 5 4 0 -4 4 -10 0 6 -2 true
