-3 6 10 -1 7 14 -8 2 -6 -9 2 -5 false
-10 -3 3 -8 -2 7 -7 -5 0 -8 -7 1 true
-1 -2 5 1 -1 9 -5 -2 -7 -6 -4 -6 true
5 1 0 7 2 4 -7 -7 6 3 8 0 false
3 -2 -9 5 -1 -5 -4 10 -6 -5 8 -5 true
6 -3 2 8 -2 6 10 3 -7 9 1 -6 true
-10 -3 -8 -8 -2 -4 -9 -8 -3 -3 6 3 false
-10 1 -1 -8 2 3 5 -9 -7 4 -11 -6 true
-8 -5 5 -6 -4 9 1 7 -2 0 5 -1 true
1 9 9 3 10 13 -7 -4 -6 2 -4 5 false
-5 0 6 -3 1 10 -7 -2 -2 -8 -4 -1 true
-8 10 -6 -6 11 -2 -10 10 -5 -11 8 -4 true
6 -7 4 8 -6 8 -6 -7 8 9 1 -1 false
-6 -10 -10 -4 -9 -6 10 10 -5 9 8 -4 true
8 -6 1 10 -5 5 9 -10 4 8 -12 5 true
0 2 4 2 3 8 5 7 -10 1 -3 -8 false
5 -1 -8 7 0 -4 -4 -7 0 -5 -9 1 true
2 8 -2 4 9 2 3 9 -6 2 7 -5 true
8 -9 2 10 -8 6 -9 2 6 0 10 -9 false
8 3 -2 10 4 2 4 -9 -2 3 -11 -1 true
